#Full ab name	AGS Ctr 1	AGS PI 1	AGS PD 1	AGS Oxo 1	AGS PI + Oxo 1	AGS PI + PD 1	AGS Ctr 2	AGS PI 2	AGS PD 2	AGS Oxo 2	AGS PI + Oxo 2	AGS PI + PD 2	AGS Ctr 3	AGS PI 3	AGS PD 3	AGS Oxo 3	AGS PI + Oxo 3	AGS PI + PD 3
YWHAB	-0.038189694	0.042893172	-0.006042596	0.009589091	-0.032156922	-0.004398336	0.044017601	0.066647475	0.075175456	0.204842936	0.036607582	-0.027736427	-0.050852478	-0.035212042	0.032818544	0.002520593	-0.023066816	0.012525513
YWHAE	-0.001568839	-0.058412671	0.095911976	0.032058503	0.081026274	0.005211527	-0.087882304	-0.095609742	0.066713555	0.033964707	-0.011774531	0.019486784	-0.034569548	-0.054640658	0.008151123	0.062088843	-0.002870861	-0.013022071
YWHAZ	-0.00496515	0.0846942	-0.006240518	-0.037776128	-0.002121789	-0.077910645	0.050584453	0.023872105	0.026937003	-0.029409081	-0.092610795	7.52E-07	0.084446342	0.005323168	0.12089464	-0.066476891	0.049493774	0.035432573
EIF4EBP1_phosphorylation_Ser65	0.256498451	-0.022205774	-0.046141424	0.076000163	-0.092142858	-0.082337255	0.501740842	0.071101527	-0.0141119	-0.032653929	-0.067108299	-0.195456024	0.459776582	0.10525604	-0.035914596	0.026521925	-0.010899251	0.022371699
EIF4EBP1_phosphorylation_Thr37/Thr46	0.14116319	0.119383782	-0.041900567	0.160208715	-0.027992648	-0.010924601	0.262737578	0.061762929	0.020853232	0.013653954	-0.002437417	-0.098434101	0.195496716	0.085337491	0.007167804	0.037071715	0.087766148	0.033056581
EIF4EBP1	0.101920725	0.107832369	-0.046025272	0.075884302	0.002305948	-0.069710688	0.199050914	0.102560177	-0.034805262	0.052720139	-0.030402288	-0.178479449	0.191004742	0.104557108	-0.077466632	0.076542061	0.033540614	0.000491968
TP53BP1	-0.168754296	0.019494163	-0.088047281	0.081642134	-0.115376823	0.064098816	-0.069544197	-0.000185177	0.018301576	0.041348638	0.003998593	0.135448264	-0.095710816	-0.059579188	0.017942579	-0.034226312	0.109557288	0.049766264
ACACA_phosphorylation_Ser79	0.050856026	-0.233843914	0.155862304	0.490510024	-0.106605898	-0.104896357	-0.072843834	-0.424693098	0.303677653	0.411600054	-0.086107322	-0.214997317	0.054290749	-0.381858146	0.241308715	0.488919065	-0.243543491	-0.245455406
ACACA	-0.034767474	-0.44020355	0.390109969	0.414108113	-0.37638974	-0.231805222	0.232334997	-0.375813311	0.326460943	0.265442666	-0.118950005	-0.005328459	0.285147913	-0.44302857	0.494980793	0.283957705	-0.247790622	-0.157402129
ACVRL1	-0.076250615	-0.007135403	0.023381024	-0.00345327	-0.003570973	0.049716895	-0.139339953	-0.03105687	0.056581829	-0.010211814	-0.038110961	0.157033177	-0.090239053	-0.030214512	0.034283972	0.005759551	-0.005339728	0.174640739
ADAR	0.03541979	-0.032954324	0.074220713	-0.049022927	-0.04148628	0.039210268	-0.072719237	-0.064640936	0.054454117	-0.022362641	-0.030889953	0.012546998	-0.016902661	0.011162358	0.028863175	0.03070979	-0.028245699	0.024003372
AKT_phosphorylation_Ser473	-0.269642671	0.149736609	-0.159615137	-0.116626216	0.14821585	0.224554259	-0.245198734	0.013918924	0.046652491	-0.427290143	0.36146776	0.376909602	-0.438241514	0.041548491	-0.369167584	-0.36853354	0.223086301	0.277678651
AKT_phosphorylation_Thr308	0.088711775	0.738102224	0.021692064	-0.021563163	0.215862534	0.203380547	-0.083417427	0.155848059	0.061731536	-0.397436301	-0.0219094	-0.010599635	-0.437333329	-0.171280953	-0.244052948	-0.501386973	0.11335219	0.035235032
AKT	-0.136158961	0.105523396	-0.11795359	-0.12639356	-0.01438415	0.059289639	-0.09076508	0.102995476	-0.068897356	-0.049939985	0.038801947	0.140340969	-0.044941668	0.118752346	-0.018506313	-0.060032566	0.095503429	0.123431803
PRKAA1_phosphorylation_Thr172	-0.355592235	-0.131053979	-0.296508542	0.126475556	-0.174300199	-0.195101581	-0.192508505	-0.142850506	-0.058249932	-0.207142568	0.009792255	-0.023706874	0.441217571	0.265666554	0.097401045	0.519798044	0.374963039	0.247260091
PRKAA1	0.019320604	0	-0.029491767	-0.021261487	0.059023817	0.23058863	-0.016034682	0.02291828	-0.072782461	-0.04029683	-0.087991321	-0.110507923	0.017172311	0.035127025	-0.056068768	-0.000426089	-0.047880462	-0.010934088
ANXA1	-0.056160943	0.06181816	0.014441119	0.026001214	0.069931819	0.017029644	-0.166752778	-0.005396592	0	-0.083481069	0.043336675	0.015867301	-0.131253297	0.034758308	-0.028680908	-0.031953696	0.024645343	0.032015315
ANXA7	-0.059065397	-0.03385058	-0.010038563	-0.00417768	0.087496143	0.132182133	-0.171891746	-0.048478211	-0.060353289	-0.081530854	0.011891384	0.189354976	-0.189867019	-0.035727012	-0.059722798	-0.036746151	-0.018734038	0.153118361
ARAF	-0.122823199	-0.203570079	0.215892717	-0.003148728	-0.020547901	0.169204208	-0.079051588	-0.135508752	0.186968297	-0.01762403	-0.092314856	0.304136211	-0.140592335	-0.158048606	0.33871373	-0.001438011	-0.099014822	0.164958698
ARHI	-0.040503674	-0.022134653	-0.001855824	-0.028171076	0.054640785	0.02261373	-0.112805982	-0.047860601	0.001601616	-0.045472427	0.016818382	0.000416333	-0.076469758	-0.013432155	-0.003753549	0	-0.001070603	0.036133778
AR	0.019723959	-0.001841438	-0.039803252	-0.062283533	-0.145171623	0.100007075	0.144108817	0.074787848	0.020720195	0.048440106	-0.039818079	-0.029245946	0.148648028	-0.039104751	0.028858156	-0.024129357	0.066646575	-0.02622263
ATM_phosphorylation_Ser1981	-0.010012075	-0.023438066	0.050777791	0.042599801	0.087825572	0.037520409	-0.009103473	-0.094273149	0.039034445	0.056368631	0.004382619	0.00361835	-0.04546278	-0.049057698	-0.011436321	0.028724527	-0.00461757	-0.007011101
ATM	-0.035067812	0.234625173	-0.104907075	-0.015198964	0.128287858	0.032390367	-0.034319514	0.199572833	-0.142722701	0.041795271	0.160036707	-0.073403545	-0.170730559	0.17903844	-0.232863649	-0.008222895	0.10053113	-0.015586227
ATP5H	-0.026527997	-0.033932987	0.061667697	0.075446175	0.129736445	0.049346483	-0.187154178	-0.172101125	-0.007683724	-0.068591262	-0.012498941	0.030372124	-0.18193498	-0.129911354	-0.059902107	-0.032606744	0.003860182	-0.025866634
ATR	0.158739284	0.004111448	0.059716694	0.011677096	-0.002722455	-0.006215979	0.199258464	0.002195635	0.041506933	0.028996595	-0.020358303	-0.049842745	0.230909316	0.014581427	0.041384132	-0.022792327	-0.016764517	-0.001937051
BAD_phosphorylation_Ser112	-0.027311699	0.039838572	-0.039740897	-0.072137804	-0.100063127	-0.07704514	-0.057487273	0.042767994	0.045394164	-0.092847795	-0.11383103	0.056934589	-0.047320922	0.055861781	0.028795409	-0.061751775	-0.058693785	0.001850581
BAK1	-0.002070746	-0.060647655	-0.189706637	-0.134944365	-0.247138884	-0.017195528	0.266907474	0.094655136	0.057111112	0.085793291	-0.137079263	-0.016309635	0.201295409	0.02148181	0.066315273	0.052773436	-0.074468639	0.018772273
BAP1	0.035630088	-0.014211214	-0.006408459	-0.105042321	0.009956033	-0.054190111	-0.038694298	0.05937047	-0.051155825	-0.02312785	-0.024797273	-0.072571103	-0.06041094	0.015929839	-0.0182498	-0.036050996	-0.026719213	-0.0203985
BAX	-0.200310439	0.148511678	-0.039866289	0.24913056	-0.124310048	0.029786453	0.06922971	0.032931155	0.105016726	0.025161087	-0.058345458	-0.005792576	0.109818829	-0.038090319	0.173739394	0.062630602	0.06736568	0.039143446
CTNNB1_phosphorylation_Thr41/Ser45	-0.026491169	0.216602688	-0.012308107	0.229619482	-0.083671302	0.038335454	-0.053372696	-0.081772562	0.026661616	-0.035933582	-0.091328407	-0.083327923	-0.064940931	-0.058619576	-0.002306862	-0.036278813	-0.045044578	-0.005702849
CTNNB1	0.032307227	0.01111086	0.100418761	-0.039298478	-0.040256018	0.05708612	0.045627984	-0.011187769	0.061158151	0.093671521	-0.037887321	0.009558346	0.172827946	-0.053975624	0.026886618	-0.004246505	0.047772817	0.06178992
BCL2	0.381087429	-0.089795571	0.33520591	-0.052900043	0.188446505	0.064184583	0.109933513	-0.136092796	0.166707444	0.166629452	-0.004260453	0.239013592	-0.268661729	-0.185777318	-0.11155533	0.04273968	-0.129587122	-0.14122309
BCL2L1	-0.159485523	-0.091662214	-0.271685162	-0.091479469	0.020016785	0.035693921	-0.092622577	0.018029251	-0.199597833	-0.010298122	0.102646166	0.044024228	0.003969875	0.026897225	-0.146098935	-0.040499886	0.167707366	0.095873427
BECN1	-0.032117509	0.075902373	-0.007908995	-0.067515047	0.037324688	0.088948706	-0.141650665	0.047857702	-0.019244147	-0.107458631	0.00276689	0.149237394	-0.118951809	0.063477114	-0.059294108	-0.129839208	0.02273107	0.087984499
BID	0.019328703	-0.060374519	0.04498511	-0.039532876	-0.045299244	-0.0204011	0.066071701	-0.031089006	0.065681481	-0.001872259	-0.083138146	0.006588634	0.165373931	0.0717601	0.02533486	0.008300302	-0.01829381	-0.067584929
BCL2L11	-0.119468264	-0.195644357	0.040983163	-0.047902113	-0.076363676	0.217259134	-0.163973186	-0.147077986	0.033463466	-0.054297491	-0.052104064	0.210208464	-0.150072721	-0.145634164	0.145990173	-0.071115969	0.021197836	0.218118295
BRAF_phosphorylation_Ser445	-0.075878495	0.010305175	-0.028374131	0.03106922	-0.080796327	0.017775755	0.02466108	0.011255796	0.045488266	0.081872315	0.050748459	0.065833414	-0.039397557	-0.009376673	0.127130532	0.089305178	0.016091058	0.121057999
BRAF	-0.179588377	-0.103145064	-0.044885885	0.139448042	-0.099896605	0.051274062	0.091630688	-0.029778551	0.157683661	0.098141871	-0.096817308	0.055073153	0.194026341	-0.127855958	0.162783403	0.05186586	-0.012601838	-0.082067577
BRCA2	0.016862271	0.07395057	0.006608987	-0.050428416	-0.003478231	-0.024281335	-0.055327309	0.072768504	-0.039006734	-0.061571188	-0.042460241	-0.055602724	-0.044641671	0.056872969	-0.01418908	-0.070264195	-0.034643683	-0.056523376
CASP7_cleavage_Asp198	-0.034489049	0.123799474	0.072929221	-0.026168343	0.048601046	0.139325797	-0.084585495	-0.090031	0.094479831	-0.131014491	-0.006601974	0.091516696	-0.106054627	-0.034685997	-0.033446305	-0.015059572	-0.060336777	0.06371267
CASP8	0.071108478	-0.021713624	0.009292489	0.021322119	0.065653535	-0.020265813	0.015677883	-0.004537708	-0.01543383	-0.013488416	-0.019097326	0.0029224	0.01725431	0.002390001	0.009679041	0.045125451	-0.036323383	-0.009863111
CAV1	0.375671327	0.054924094	0.772964382	0.057249164	0.670438645	0.751872239	-0.318509515	-0.019963308	-0.14195081	0.114199534	0.025177028	0.452431039	-0.185921105	-0.077403235	-0.050760787	0.019618965	0.137264308	0.123698477
ITGB1	-0.036529113	0.049361953	0.05664559	0.024781707	0.094456936	0.046548204	-0.074510989	-0.020489203	0.029549822	-0.065601691	0.043059067	0.023555197	-0.104005474	-0.0140365	0.031081057	0.008555415	0.054685442	0.060265209
PECAM1	-0.059621375	-0.070793658	0.041704128	0.050654571	0.060230118	0.048566984	-0.201895603	-0.072801583	0.007536182	-0.056546988	0.038453906	0.02208062	-0.132678433	-0.038483746	0.035431467	-0.014856015	0.018790959	-0.001587089
ITGA2	0.114210573	0.299590453	-0.23038236	-0.144604519	0.080729645	-0.007932496	0.051640707	0.226506022	-0.259007829	-0.151878141	0.066999927	-0.046815842	0.017925114	0.225311859	-0.388237609	-0.194043312	-0.002309417	-0.133709176
CDK1	-0.042363046	0.202184578	-0.215605431	-0.040958322	0.008845762	0.08007903	0.0304848	0.301378758	-0.281704041	-0.080625406	-0.037938487	-0.380118932	0.140142057	0.347846169	-0.235490023	-0.083898205	-0.05915492	-0.033612476
CHEK1_phosphorylation_Ser345	0.002089699	0.02812073	-0.093554257	0.048231969	-0.121682786	0.00400014	0.080333509	0.04336488	0.135324172	0.10922323	0.040481008	-0.003955516	0.012689645	0.009276132	0.046283691	-0.013839205	0	-0.056262058
CHEK1	0.069390507	0.235116153	-0.380470064	-0.042433551	-0.038753969	-0.153730041	0.203531342	0.30373353	-0.201021868	0.074510314	0.05204947	-0.605354484	0.305127322	0.236563502	-0.168302288	0.046708462	-0.045604609	-0.078654694
CHEK2_phosphorylation_Thr68	0	0.0030969	0.034160532	0.039407264	0.097180973	-0.049772909	-0.085978978	-0.064958319	-0.001806921	-0.071784286	0.072350889	-0.04740357	-0.131814275	-0.06082699	-0.054472588	-0.000490697	0.13356836	-0.017042453
CHEK2	0.090773906	0.063977835	-0.046358127	0.037732317	0.007286798	-0.067358204	0.094704559	0.072311781	-0.017110591	-0.024182902	0.003515687	-0.107758778	0.08119313	0.10299971	-0.002998799	0.069165131	-0.01132489	0.134658846
JUN_phosphorylation_Ser73	0.168988914	0.302952446	-0.072696665	-0.226562954	-0.071063789	0.169002045	0.156332988	0.279572512	-0.032173	-0.212753646	-0.08480832	0.015253575	0.121127951	0.33382208	-0.054763974	-0.142356963	0.04121752	0.107324642
KIT	0.070255955	-0.025369974	0.12804511	0.025739461	0.022457799	-0.002159778	0.0088435	-0.076867772	0.057300715	0	0.005501542	0.002506297	-0.022865612	-0.047747208	-0.053615425	0.094043585	-0.019441543	-0.016651061
CLDN7	-0.122790459	0.110888058	-0.018729467	-0.418800469	-0.081301929	0.21160663	0.017956108	0.372174833	-0.163665372	-0.210738452	0.087868661	0.300499383	0.077984222	0.360022927	0.047995999	-0.514361836	0.006309401	0.080236706
MET_phosphorylation_Tyr1234/Tyr1235	0.017442847	0.033152584	-0.044798879	-0.028956891	-0.161841395	0.135729089	0.116929943	0.012032042	-0.02304242	0.02913344	-0.096989483	0.209915533	0.168136017	-0.014837567	0.033867476	0.010773191	0.029477443	0.136927888
MET	0.155010254	0.019974228	-0.042699735	-0.090813473	0.029294916	-0.102591389	0.128683148	0.062564287	-0.041968247	0.071745277	-0.020338364	-0.037676229	0.085140935	0.111276985	0.029410736	0.050566126	-0.046015421	0.036454845
MYC	0.122858575	-0.183663286	-0.185845841	-0.175963927	0.064386329	0.563356904	0.165014357	0.070869493	-0.240961317	0.110131512	-0.025597275	-0.360162489	0.092272522	0.060535519	-0.175201615	0.125281707	0.097421776	-0.01812947
COL6A1	-0.000461949	0.070419813	-0.133446456	-0.032918772	-0.02418831	0.109358488	-0.167233949	-0.018109126	-0.058898608	-0.194884235	-0.087315116	0.077280669	-0.130521905	0.013857666	-0.015575212	-0.020270795	0.1613013	0.226421544
SDHB	0.052179389	0.076616629	0.006220827	-0.02500095	0.008531046	0.024823569	-0.054072706	0.05227921	-0.061184031	-0.029483022	-0.016839911	0.034785201	-0.058993507	0.060327816	-0.004305745	-0.044378323	-0.063910684	0.041452705
PTGS2	0.005284916	-0.543501007	0.345648393	0.100458078	-0.208483241	-0.028613008	-0.03760494	-0.385966474	0.352625265	0.138757619	-0.322920615	0.137275323	-0.128633481	-0.549932047	0.278679498	0.082634484	-0.405466204	-0.134973471
COX4I1	-0.004914705	0.041976756	0.046325006	0.023197321	0.06950342	-0.018353719	-0.103113338	-0.051802969	0.05430423	0.011632643	0.038208007	-0.00826984	-0.094955612	-0.01832426	0.004611375	0.035062106	0.071739128	-0.029663496
RAF1_phosphorylation_Ser338	-0.04182482	0.042663671	0.174088543	0.077239526	-0.090519365	0.043149494	-0.040386479	-0.060048927	0.138681729	0.046853417	-0.159661046	0.006253131	-0.044168746	-0.000249957	0.114411401	0.055042542	-0.216168898	-0.087945572
RAF1	0.003613422	0.022498534	-0.074908203	-0.015479997	-0.115509167	0.011773127	0.095328661	0.061286875	0.002802236	-0.006810452	-0.086436341	0.022116359	0.132107325	0.033623265	0.036186814	-0.036691417	-0.075883569	0.00278069
CCNB1	0.209870983	0.550152305	-0.203846354	0.077262399	0.002067899	-0.052821349	0.312759793	0.688506613	-0.190647672	0.088275327	-0.028193425	-1.136737437	0.599230504	0.734182987	0.004475952	0.083953035	-0.021124504	0.015714129
CCND1	-0.038087512	0.067152533	-0.032829173	0.046381574	-0.002330139	0	0.064206528	0.046114929	-0.038047763	0.183173596	0.050816628	-0.001997877	0.087665928	0.042547695	-0.002799955	0.07397042	0.083790607	0.100786099
CCNE1	-0.198028443	-0.181088284	0.18227578	0.116749902	-0.023177711	0.081739297	-0.246298097	-0.209213002	0.236591933	0.18869277	0.021184631	0.314603503	-0.126235512	-0.199296029	0.273955048	0.241452463	0.040711971	0.053326402
PPIF	0.141308215	0.05940237	0.045014718	0.032591647	0.105965911	-0.014142992	0.061791702	-0.006170989	-0.046233108	-0.054732376	0.047850225	-0.04223716	0.07460835	-0.005011815	-0.065565801	-0.024213874	0.05325655	-0.007943851
PARK7	-0.028591795	0.037256195	-0.043892263	0.046143725	-0.025427203	0.002641762	-0.02707681	0.061218979	-0.058229072	0.013209847	-0.022720334	0.028615841	0.06424559	0.056568764	0.050753221	0.029677184	0.012420985	-0.019548628
DVL3	0.07433867	-0.173542793	0.061630588	-0.111858567	-0.036149813	-0.003138998	0.035998035	0.073588008	0.180438277	0.151263332	-0.000120374	-0.014318371	0.074108164	-0.03436835	0.116113737	0.062202845	-0.044268152	-0.057498942
E2F1	0.010520163	0.119684376	0.036228306	0.018726956	0.074342054	-0.02826467	-0.106376609	-0.003064921	-0.019422874	-0.054142614	0.005009222	-0.027147717	-0.097450354	0.020925822	-0.059085728	-0.03365541	0.026327118	-0.052606449
CDH1	0.623738261	-0.254982911	0.666117736	-0.237337932	0.617207544	0.075332313	-0.118549238	-0.339332889	-0.081157598	-0.018735011	0.032329435	0.106012558	-0.130480547	-0.166755961	-0.173268292	-0.092574624	0.004754267	-0.239749891
EEF2K	0.026728694	-0.452356621	0.062422732	-0.28699661	0.11069324	0.058188453	-0.117107705	-0.084628281	0.024855038	-0.010458527	0.098092329	0.003525822	-0.172959088	-0.222835735	-0.142286302	-0.122723229	-0.029097154	-0.135705607
EEF2	0.23133777	-0.027640072	0.071047579	0.084058556	-0.072652151	-0.035733709	0.385563966	-0.020345065	0.080590226	0.194567427	-0.000602485	-0.025462768	0.47949585	-0.023622016	0.158031449	0.126009969	-0.020349359	0.003316789
EGFR_phosphorylation_Tyr1068	-0.044957607	-0.090897099	0.119249929	0.027494657	0.628035268	0.064415263	-0.290168108	-0.219812183	-0.098392305	-0.189714168	0.34704837	0.06737803	-0.138360998	-0.18577222	-0.104000919	0.447664325	0.418578035	0.14815414
EGFR_phosphorylation_Tyr1173	0.18332849	0.036756807	0.06420232	-0.021473518	-0.010513312	-0.002399582	0.120265167	0.079686137	0.056321139	-0.008951571	-0.071931227	-0.062414825	0.186326171	0.081689682	-0.007023714	-0.003958934	0.051044874	-0.044797839
EGFR	0.180750473	0.162460795	0.011154596	-0.00964763	-0.018618155	-0.075079629	-0.03690799	0.092832878	-0.098966481	-0.098647629	-0.08400104	-0.091489039	0.015518367	0.100713761	-0.034585144	-0.091660021	-0.036776567	-0.018033722
EIF4E	-0.052932491	0.104558735	-0.321511166	-0.291755104	-0.364351508	-0.173791438	0.121502788	0.064441407	-0.011117187	-0.110085981	-0.189359593	0.032033336	0.171231	0.023235405	0.141623403	-0.026480819	0.067556405	0.139355523
EIF4G1	0.195518573	-0.484853696	0.082387996	-0.043934106	-0.083739665	-0.115783239	0.514498135	0.020646961	0.359492268	0.420058099	0.019064727	-0.033489822	0.641140064	-0.003040013	0.411696622	0.268628616	0.008658297	0.038841153
ESR1_phosphorylation_Ser118	0.012141463	-0.034825922	-0.021132974	0.005922935	-0.023103692	-0.003204707	0.070449231	-0.033695434	0.067300712	0.020965093	0.053795575	-0.003235724	0.042010428	-0.000715905	0.035201001	0.063693907	0.015477107	0.011367656
ESR1	-0.030913635	-0.052368848	0.080237082	0.000926543	0.15942576	0.042819942	-0.112415794	-0.106758848	0.022680436	0.018184494	0.024931008	0.038406234	-0.161365095	-0.067272067	-0.042617555	-0.01660441	0.004214653	0.013704467
ERCC1	-0.022876904	-0.020260395	-0.014903464	0.049599657	0.09073849	-0.117593511	-0.131363957	-0.041396183	-0.022647051	-0.070957503	0.012256168	-0.189539118	-0.104689728	0.017331319	-0.006885623	0.003417203	-0.0144194	-0.111577763
ETS1	0.073892067	0.08479083	0.019172103	0.022308194	-0.019677713	-0.004097292	0.063011669	0.063454023	0.034106725	0.037978486	-0.012584197	-0.000689191	0.016327578	0.068718829	0.026435178	0.007452549	0.065723949	0.062624233
PTK2_phosphorylation_Tyr397	-0.052371903	0.152557697	0.239733386	0.293824165	0.13711135	0.113220868	-0.268855046	-0.118134538	0.061932984	-0.064048478	0.143707754	0.129405849	-0.270460303	-0.258317712	-0.109932435	-0.191266568	-0.108448025	-0.111144561
PTK2	-0.078513541	0.0116569	-0.032595151	0.016882381	0.039195721	0.010531125	-0.103859729	0.013966175	-0.003206709	-0.027854115	0.056889458	0.090143396	-0.052066291	-0.005073792	-0.001336024	-0.022261909	0.029998232	-0.016461183
FASN	0.000436258	-0.510087659	0.119432748	0.203844344	-0.042862901	-0.217636652	0.029821965	-0.46741375	0.157706701	0.107787259	-0.175706189	-0.041613378	0.127406104	-0.48480225	0.264261073	0.109849385	-0.180457028	-0.128031133
FN1	0.052092725	0.00620444	0.073559422	0.039195298	0.169454703	0.035545488	-0.102098014	-0.041084762	-0.003626089	-0.034050885	-0.001499955	0.022993361	-0.140945801	0.017508356	-0.076587145	-0.017793958	-0.08221795	-0.037381944
FOXM1	0.030638422	0.531155043	-0.264059558	-0.031327935	0.007322029	-0.035313839	-0.008555715	0.505162894	-0.281513509	0.043164043	0.007270208	-0.710447619	0.158130175	0.495291304	-0.14867165	0.016549251	0.018369495	0.008091588
FOXO3_phosphorylation_Ser318/Ser321	0.057288526	-0.108682104	0.004715861	0.034648246	-0.001728893	-0.139023698	0.02950734	-0.122683601	0.096504245	0.070187894	0.033207288	-0.037499543	0.013831427	-0.108636467	0.040240468	0.098056149	0.001057724	-0.056732446
FOXO3	-0.134133624	0.230478784	0.034707926	0.038488584	0.107561407	0.131293515	-0.258890595	-0.080538449	-0.042771107	-0.052522139	0.033613192	0.109290988	-0.208979084	-0.11022269	0.018103669	-0.056132089	0.059075374	0.045651382
G6PD	0.002393734	-0.166302542	0.277125027	0.097643003	0.001456336	-0.181636297	-0.056820733	-0.223963522	0.239324117	0.046756067	-0.058057862	-0.03538464	-0.098081634	-0.159834693	0.126344637	0.14202107	-0.090924919	-0.144433082
GAB2	-0.041539668	-0.132926953	-0.027410728	-0.150080427	0.00223919	-0.069970515	-0.034738013	0.087709771	0.013927134	0.116403005	0.054507695	-0.033006659	-0.10936695	0.059349639	0.036163176	0.012470333	0.024439076	-0.082324639
GAPDH	0.722625033	-0.359600817	0.61424773	-0.193681934	0.143094903	-0.423232873	0.089100631	-0.304088716	0.087445486	-0.107436834	-0.312940647	-0.324929486	0.140824725	0.110990004	-0.060940454	0.102683752	-0.305786781	-0.248259792
GATA3	0.040898116	-0.136192657	0.174785239	0.078691121	0.206528852	0.046088288	-0.033815161	-0.12148123	-0.028679337	-0.12117669	-0.03653642	-0.130954004	0.001174239	-0.06699322	-0.078139621	-0.045088468	-0.049602292	-0.108437017
KAT2A	-0.000742582	-0.032673565	-0.096347045	-0.027763137	0.041483858	0.075283277	0.126866156	-0.016580089	-0.059532013	0.116756795	0.086042255	0.000307706	0.043314592	-0.022344923	-0.092838712	0.04653242	0.065238617	0.088786555
PYGB	0.230722135	0.030768289	0.200167493	-0.024641117	0.030617452	-0.054355396	0.100853698	-0.074988862	0.00577354	0.064049574	0.120248814	-0.211429029	0.142631565	-0.019170881	-0.089648579	0.100069694	-0.048541953	-0.113085618
GSK3_phosphorylation_Ser21/Ser9	-0.2158152	0.324472029	-0.303669948	-0.011690631	-0.239692573	0.058752076	-0.078171029	0.018702218	-0.063002573	-0.19067204	0.014630241	0.022092867	-0.205028576	0.060559832	-0.241307384	-0.11267235	0.205177535	0.078257273
GSK3	-0.017218281	-0.07451944	0.042167332	0.075549469	-0.141489203	-0.061527948	0.164495483	-0.03650624	0.120912318	0.126170213	-0.082753997	-0.08280481	0.250126048	0.005280896	0.111121198	0.140380724	-0.131638479	-0.042550278
GSK3_phosphorylation_Ser9	0.042031892	0.356962273	-0.144754702	0.035797856	-0.254945849	0.028025332	-0.006363744	0.102005574	0.023349247	-0.134759725	-0.128638749	-0.023115979	-0.028456651	0.07041542	-0.044282887	-0.09638756	0.000180292	0.047349027
GYS1_phosphorylation_Ser641	0.237265731	-0.030047901	0.085931575	0.015805131	-0.053022547	-0.253963651	0.197199936	-0.033238425	0.127621827	0.130270833	0.136609303	-0.377529103	0.253942457	-0.009140827	0.049008202	0.166221608	-0.022568927	-0.237946015
GYS1	-0.029529419	-0.035686099	0.092516465	0.064892008	-0.097800955	-0.098209633	0.09151921	-0.084546661	0.046551795	0.333044187	0.214507947	-0.257275265	0.106426174	-0.084203794	0.206404031	0.324482115	-0.052556267	-0.06521679
ERBB2_phosphorylation_Tyr1248	-0.011782681	-0.018237672	0.245185076	0.07114838	0.348510962	0.053639311	-0.378022397	-0.20446717	-0.130829753	-0.189231097	0.141534523	0.051800141	-0.345838025	-0.239870728	-0.221632315	0.108684397	0.202519441	0.078634213
ERBB2	-0.162881172	-0.044774883	0.128708942	0.069937236	0.100922422	0.098969261	-0.230223928	0.005469968	0.051567669	0.0252229	0.029481411	0.125303824	-0.206046734	-0.018645868	0.003798335	0.05427595	0.052703951	-0.052708507
ERBB3_phosphorylation_Tyr1289	-0.114871842	0.045255388	-0.076265042	-0.097317987	-0.149168832	0.044765715	0.028560109	0.07000926	-0.038634044	-0.060994641	-0.029671479	0.091049446	0.09210372	0.027925831	0.026338291	-0.110480271	0.113057831	0.102535261
ERBB3	-0.467311463	0.125632825	-0.125301483	-0.375818456	0.084356227	0.088549781	-0.473492592	0.264207646	-0.234081953	-0.168791513	0.171079085	0.280922805	-0.462416444	0.213847002	-0.252697602	-0.237365796	0.233295036	0.152928382
NRG1	0.016275124	-0.017799884	0.026239806	-0.046830488	0.003874554	-0.000138024	0.06537814	0.001017008	0.016756229	0.020231644	0.002096953	0	0.098080811	0.008026504	-0.046251167	0.016531212	-0.007022199	-0.046273166
BIRC2	-0.102354582	0.066843272	0.001628682	-0.031538303	-0.016833593	0.010389365	-0.101171227	0.078622268	-0.009399073	-0.055008453	-0.027987869	0.009408688	-0.103083715	0.070870496	0.034604125	-0.075647009	-0.043762416	-0.008818063
H3F3	0.347279677	0.230338305	0.134269009	-0.437371227	0.084604757	-0.035609805	0.080939016	-0.031165227	-0.064687091	-0.211686621	0.02704838	-0.12729318	-0.04528084	0.075187936	-0.106396352	-0.180288616	-0.013207136	0.146464325
IGF1R	-0.054326975	0.167703757	-0.11026422	-0.141650985	0.077669816	0.078249824	-0.093632748	0.107381993	-0.131819108	-0.16614797	0.024839434	-0.032947239	-0.061152221	0.066911767	-0.175760738	-0.193979584	-0.009207999	0.040703547
IGFBP2	-0.148249009	0.012915891	0.143508035	0.07919691	0.062140146	-0.001154985	-0.194855158	-0.003763782	0.101538885	-0.007293452	0.063209747	0.031507946	-0.18112741	-0.002888716	0.02825946	0.105346506	0.078734967	0.021445318
INPP4B	-0.161078407	-0.061036077	0.0700148	0.047096942	0.154147855	0.16484927	-0.271599785	-0.105334521	0.016563466	-0.028179229	0.09993518	0.166507578	-0.211123027	-0.078237723	-0.028507208	0.013118465	0.11231778	0.131479129
IRS1	0.183176785	0.170471014	-0.160430029	-0.221465348	-0.026942089	-0.048610849	0.218423953	0.456608407	-0.167337504	-0.033330185	0.184768731	-0.131031758	0.261699038	0.440153705	-0.097527078	0.037944745	0.03634116	0.005142726
COPS5	0.016905213	-0.025913614	0.020337152	0.024189214	0.111377421	0.042527024	-0.085380373	-0.104442633	-0.066512602	-0.069501504	0.030744829	0.029535302	-0.093731456	-0.104748205	-0.007490845	-0.084684695	-0.015099376	-0.012378488
MAPK8_phosphorylation_Thr183/Tyr185	-0.019252909	-0.066882502	-0.045071384	-0.085423678	-0.070001385	-0.012235711	0.045268659	-0.010879517	-0.00888987	-0.072051236	-0.036075647	0.021786491	0.022368959	0.066765454	0.03413973	-0.067629857	-0.037160111	0.003368634
MAPK9	0.030367517	-0.03240446	-0.005282178	-0.015738623	0.024045045	-0.03728879	0.00211817	0.015088123	0.020393263	-0.114102502	-0.009699015	-0.025482631	-0.023282444	0.026076347	-0.054973014	-0.062863052	-0.04178259	-0.019996992
LCK	-0.013326514	-0.013336887	0.032645262	-0.026102812	-0.004630882	-0.100333761	0.013886298	-0.040328248	0.05272675	-0.002363323	-0.035928729	0.010320384	-0.020797557	0.016466576	-0.02174105	0.055654582	-0.005865546	-0.068694525
MAPK_phosphorylation_Thr202/Tyr204	-0.097110425	-0.120106487	0.238048085	0.258894842	0.020329795	-0.302205845	-0.105559467	-0.278987383	0.63927784	0.043986811	-0.005894714	0.740836542	-0.1937385	-0.119952504	0.261223797	0.080730896	-0.291333348	-0.30741992
MCL1	-0.313088064	-0.083677642	-0.048104168	0.077955174	-0.260785046	0.087288776	-0.092634339	0.035963327	0.173777645	0.02686758	-0.018117089	0.178044736	0.046841131	-0.050738981	0.271722835	0.056503683	0.068887193	0.059106603
MDM2_phosphorylation_Ser166	0.014328449	-0.13401527	-0.210429234	0.100401254	0.20725457	-0.121070654	0.120818996	-0.007967965	-0.124777221	0.135705665	0.306794345	-0.204172199	0.217596889	-0.020056657	-0.09110234	0.190103124	0.463250201	-0.1714416
MAP2K1_phosphorylation_Ser217/Ser221	-0.397929947	-0.412669551	0.500041459	0.192226113	-0.123424371	0.349639651	-0.449835264	-0.444758601	0.595956864	0.079465281	-0.128186993	0.701139949	-0.405076419	-0.395624426	0.600103366	0.03520019	-0.105629559	0.307898037
MAP2K1	0.010602884	-0.022403653	0.021380752	0.036341406	-0.074601009	-0.019574598	0.181619151	-0.017360991	0.055326537	0.087964094	-0.075360529	0.054564835	0.048096107	-0.047845216	0.070168047	0.020445626	-0.05365844	0.038209977
MAP2K2	-0.042325483	-0.060536896	0.03475092	0.005222338	0.008808388	0.06063803	-0.067108099	-0.114175416	-0.008741868	-0.024373568	-0.054867076	0.081529439	-0.06076566	-0.099284238	-0.034972061	0.000272725	-0.029389949	0.003424547
NF2	0.147865177	-0.002702673	0.022221293	-0.010345013	-0.032150262	-0.051398103	0.20034418	0.008529938	0.05843575	0.045906459	-0.082329147	-0.042056388	0.269108067	0.043109737	0.083713439	-0.026802665	-0.019574779	-0.012900699
ERRFI1	0.611237027	0.230130588	-0.061403353	-0.093039424	0.017463159	-0.086536908	0.714108034	0.438702453	-0.1004695	0.093772254	-0.002972874	-0.09979136	0.625537053	0.425165676	-0.07168267	0.069979544	-0.040535818	0.016425382
MSH2	-0.045482804	0.105193144	-0.0104054	0.00772181	0.086668322	-0.020028971	-0.024666111	0.087694114	-0.080936932	0.049894234	0.036280793	-0.174871204	-0.095080105	0.050178214	-0.091552198	0.084190712	0.035586978	-0.099207734
MSH6	-0.039595818	-0.037773282	-0.192134016	-0.077225429	0.030746721	-0.030256239	0.105073928	0.142519474	-0.131100175	0.05411671	0.114526733	-0.240611239	0.17413837	0.108001052	-0.133500597	0.026339233	0.105067823	-0.03448052
MTOR_phosphorylation_Ser2448	0.055581235	-0.077037508	0.073003702	0.036308345	0.036746144	-0.013180965	0.033906283	-0.010373323	-0.018972649	-0.020770544	-0.038641109	-0.033620641	0.081794122	0.044598304	-0.001351206	0.030346168	0.06828155	-0.02345255
MTOR	-0.091646003	-0.016334204	-0.058171768	0.02424428	0.04935051	0.04945844	0	0.001347006	-0.056647979	0.068603555	0.029683242	0.047689181	-0.037202047	0.02134032	0.013598875	0.008992872	0.073292153	0.050554438
MYH11	-0.065494267	-0.086376534	0.013315819	-0.071871649	0.002849991	0.076331173	-0.596370011	0.009531025	0.033873502	-0.05642439	0.014504431	0.159939005	-0.120976886	0.009048456	0.056061269	-0.027076267	0.078113529	0.120431174
MYH9_phosphorylation_Ser1943	-0.032348161	-0.014465301	0.017216457	-0.074903912	-0.050793532	-0.0517841	0.00884964	-0.083899827	-0.064241018	-0.166917636	-0.056569861	0.159525334	-0.024417207	-0.069208915	-0.106484976	-0.073405979	0.153369697	0.191997326
NAPSA	0.067914525	-0.060662606	-0.057714104	-0.033335014	0.009386313	0.046556843	0.103375204	-0.064295748	-7.88E-05	0.008507541	0.013109935	0.026561716	0.08138556	0.002970466	-0.004541704	-0.011536535	0.079191844	0.033107722
CDH2	0.007030647	0.03330729	0.050470315	0.00787405	0.029608762	0.02293228	0.011480583	-0.083250222	0.064091781	-0.026367367	-0.026483016	0.021490323	0.014734808	-0.016533274	-0.032473825	-0.002531547	-0.006529945	-0.020739325
NDRG1_phosphorylation_Thr346	-0.136795245	0.614581999	-0.004498628	-0.130175133	0.253266923	0.103855618	-0.362798256	0.420741697	-0.09875028	-0.288901168	0.210011072	0.193856863	-0.351938465	0.456193281	-0.190068764	-0.321212535	0.148179991	0.071411236
RELA_phosphorylation_Ser536	-0.028601112	0.150827216	0.085364812	0.100596842	0.050406053	-0.003088963	-0.159926063	-0.032703024	-0.03850523	-0.151179381	-0.014451048	-0.011555366	-0.164626592	-0.033923044	-0.011372	-0.020328038	-0.032254529	-4.65E-05
NOTCH1	0.142163986	-0.033255794	0.007048221	-0.007434744	-0.001378371	0.002812792	0.126800363	0.070690685	0.003063818	0.05132732	-0.003905103	-0.048910065	0.161316841	0.025207912	0.019916186	-0.02974216	-0.027049571	-0.043426835
NRAS	-0.041504993	-0.007388357	0.041126983	0.02580375	0.076509024	0.020629401	-0.126064275	-0.096057983	-0.032584812	-0.076215304	0.012179257	0.015148401	-0.098295358	-0.041493288	-0.056525036	-0.037759101	0.028937569	0.030642481
CDKN2A	-0.594811802	-0.313111636	0.116144542	0.134917633	-0.274016534	0.472185629	-0.297866231	-0.267069702	0.248446277	0.050748752	-0.136277604	0.803820687	-0.343825733	-0.252808634	0.501153505	-0.054049899	-0.141565228	0.405136407
CDKN1A	0.069869982	0.132305732	-0.034896303	0.051480394	-0.132483236	-0.172476547	0.104330586	0.058683126	0.069944816	0.098555332	-0.090001548	-0.232433872	0.206564914	0.01213319	0.176243351	0.045105711	-0.067971767	-0.076117801
CDKN1B_phosphorylation_Thr157	-0.014184654	-0.004058331	-0.01459579	0.002791286	-0.052782669	-0.012650888	0.037124977	0.016251649	0.003921677	0.074565066	-0.015165493	-0.025683091	0.083950423	0.061368391	0.057247919	0.006091576	-0.005959554	-0.042552585
CDKN1B_phosphorylation_Thr198	-0.04581701	-0.01993586	0.027082028	-0.052543727	-0.091233443	0.058921813	0.030464295	0.071208708	0.027702247	0.050863123	-0.036438274	-0.098909973	0.076013317	0.041357439	0.005003515	0.03715292	0.00884303	-0.069797211
CDKN1B	-0.09917463	-0.175951911	0.047968038	-0.056437205	-0.008497491	0.064232971	-0.099037042	-0.044062234	0.100306955	-0.038719947	-0.031316451	0.252656382	-0.074473821	-0.104741461	0.071353834	-0.036602864	-0.027286542	-0.049897273
MAPK14_phosphorylation_Thr180/Tyr182	0.169998554	0.267352507	-0.110044503	-0.133367137	0.027901517	-0.03389208	0.1660283	0.234712356	0.066066778	-0.177141888	-0.014461704	-0.160412966	0.180951377	0.148045983	0.013892578	-0.136846548	-0.071426151	-0.211925467
MAPK14	-0.010128435	0.03709111	0.007311113	0.084254745	-0.004989157	0.005192487	0.036638257	0.030601563	-0.028702513	0.135756248	0.046155625	-0.012094728	-0.038086794	-0.028038264	-0.000695252	0.113746797	-0.011751714	0.033706618
MAPK14	-0.125614488	-0.095657249	-0.02728801	0.192513987	-0.011982636	0.018636448	0.018363651	-0.010311009	0.074954578	0.069675343	-0.019715882	0.074862304	0.028883019	-0.040067915	0.140859119	0.038049771	-0.056683481	0.121815792
TP53	0.005012165	0.038779291	0.038157062	0.022980284	0.089960696	-0.068055172	-0.12553806	0.010147065	0.001243155	0.046366691	-0.001972627	-0.108722657	-0.090544051	0.035087252	0.0027833	0.029611066	0.007357176	-0.060990066
RPS6KB1_phosphorylation_Thr389	-0.058013532	0.110042825	-0.091256923	0.061419086	0.265886363	0.031504867	0.016449835	0.26887451	-0.33684907	-0.106291015	0.267943853	-0.058542079	-0.061674718	0.195130168	-0.08520346	-0.105204343	0.356589559	0.093364287
RPS6KB1	0.1454032	-0.012309205	0.115512503	0.217368855	0.015269178	-0.011761202	0.143279865	0.009312359	0.133400879	0.174663399	-0.065297575	-0.026205976	0.167283956	-0.003437614	0.007800053	0.186085753	-0.045496265	-0.100973538
SERPINE1	-0.010794868	-0.104457592	0.076326986	0.041577202	0.118898656	-0.005927711	-0.174467017	-0.122537155	-0.014036575	-0.062442053	0.036678702	0.05131048	-0.179971317	-0.021114769	-0.055144869	-0.011687755	-0.003254117	-0.012025741
PARP1	-0.448691911	-0.028416094	-0.545467777	-0.027180065	-0.356216193	0.024395388	0.007929324	-0.020543227	-0.018157196	-0.022845964	0.013782353	0.028395087	0.07877125	0.002294252	0.073522559	-0.052819034	0.209173572	0.11132766
PARP1_cleavage_Asp214	-0.051146464	-0.036959736	0.060725581	0.018940471	0.087452515	0.062988894	-0.068537583	-0.047891931	0.039865474	-0.061746408	0.042244349	0.058278556	-0.119096633	-0.025534285	-0.033138003	0.000993969	-0.001073765	0.017024769
PXN	0.015823981	-0.454160928	-0.002033498	-0.116586374	-0.069311461	-0.065037048	-0.112661858	-0.058355372	0.078357482	0.0328933	-0.03412113	0.041856978	-0.054434201	-0.165476587	0.131333389	-0.062851886	-0.012802749	-0.090480019
PCNA	0.353463506	0.129475847	0.369496667	-0.034631959	0.625167981	-0.169742054	0.238322445	0.073625547	-0.085968041	-0.02432006	-0.018025019	-0.225701773	0.219871474	0.37857761	-0.147104951	0.299327694	-0.026894684	0.055382055
CD274	0.014415087	0.008002652	0.087376101	-0.034298418	0.092668695	0.042228616	-0.064651236	-0.018690889	0.016628664	-0.100258012	0.002967445	0.005022376	-0.050516749	-0.036736743	-0.010175427	-0.045304897	0.029155856	0.040229207
PDCD4	-0.618205197	0.070060341	0.049158855	-0.014929035	0.432607657	-0.035193476	-0.849772131	0.067897754	-0.177120166	0.048280338	0.459096309	0.412033638	-0.860630264	0.169278939	-0.15620208	-0.04277111	0.536057674	0.135889418
PDGFRB	0.502983742	-0.046082581	0.785439758	-0.139521105	0.452253691	-0.007701259	-0.190283382	-0.057597572	0.025007468	-0.003957243	0.001401703	-0.003128055	-0.295034496	0.079260224	0.035093601	-0.024680524	-0.086244827	-0.085336281
PDPK1_phosphorylation_Ser241	-0.015912917	0.113388548	-0.099610605	0.113995597	-0.065785828	-0.020200764	0.205414042	0.040847546	-0.008387597	0.103822652	-0.013773507	0.030443434	0.222513475	-0.034052092	0.122881085	-0.077185424	0.047503834	0.059063628
PDPK1	-0.018373128	0.031736369	-0.227252177	0.01703462	-0.091574143	-0.034283728	0.099348438	0.062988868	-0.182864902	0.094469219	0.037447	0.001974595	-0.011304509	0.007847083	-0.148552815	0.043839159	0.107357789	0.045777399
PEA15_phosphorylation_Ser116	0.066678866	-0.121380855	0.067042527	-0.082716666	-0.149560587	-0.077333589	0.050990132	-0.040328252	0.041325576	0.118176278	0	0.023098479	0.073019142	-0.003630988	0.042671717	0.062087632	0.030589702	-0.094719715
PEA15	-0.014715287	0.086755864	-0.019105467	0.021154521	-0.124180638	-0.034270853	0.149795059	0.122644897	0.025285012	0.065197901	-0.093790032	-0.031529407	0.080873486	0.045755887	0.008938426	0.041442231	-0.047761563	-0.00268747
PIK3CA	-0.063812755	0.005261371	-0.021366903	0.013182326	0.109407711	0.152809096	-0.091223895	-0.016547952	-0.094310597	0.018960633	0.060593997	0.058354812	-0.081764517	-0.029438215	-0.056291735	-0.05847497	0.057425945	0.119320995
PIK3R1	-0.071155222	-0.06182442	-0.252744831	0.087969699	-0.158102589	-0.05099039	0.206117732	0.046580945	0.021055612	0.203891636	0.124473343	-0.015343638	-0.008644735	-0.103000729	0.098326898	0.080356291	0.246924189	0.025680415
PRKCA_phosphorylation_Ser657	0.096557118	-0.014527152	0.127441407	0.051579589	0.027410347	-0.014452109	-0.031983795	-0.02842763	0.040227347	-0.063559019	-0.119166051	-0.052480283	0.032826679	-0.017526248	0.091658007	-0.040401677	-0.086507414	-0.054984741
PRKCA	0.099672008	-0.018844468	0.088896655	0.060724216	0.016704188	-0.012688003	-0.004316537	-0.086836824	0.030529583	-0.039916984	-0.055875492	-0.050887764	0.046836786	0	0.04000843	0.023454102	-0.05493288	-0.048591365
PRKC_phosphorylation_Ser660	0.044942761	0.011413317	-0.205357504	-0.151155509	-0.0846109	-0.277366644	0.159356772	0.161760831	0.093599389	-0.078032143	-0.031561127	-0.018513117	0.248532701	0.100477394	0.050279554	-0.098187912	-0.00216618	-0.192162105
PRKCD_phosphorylation_Ser664	-0.015917644	0.092989147	0.044079013	-0.002185348	-0.028382671	0.062534553	-0.000324026	0.019980242	0.020166915	-0.035092899	-0.012321679	-0.013345766	0.087488069	0.020313319	-0.009602295	-0.022335772	0.031599839	-0.008346444
PMS2	-0.089292395	-0.212499362	0.040385923	0.021865662	0.002111525	0.036658692	0.066345076	0.035045157	0.20052011	0.16063401	0.012477213	0.154255846	0.102070202	0.001367901	0.199474982	0.092722597	0.063832356	-0.059743899
VDAC1	0.064486656	0.084352925	0.071026307	-0.080110076	-0.228470582	0.127221928	-0.190095705	-0.094791723	-0.052061456	-0.291504566	0.003580579	0.028839979	-0.084762997	0.044472145	-0.175276046	0.010471593	0.056813622	0.029976507
AKT1S1_phosphorylation_Thr246	0.146275523	0.301556093	-0.069224635	0.045993431	-0.165585121	-0.064596137	0.325648986	0.084681082	-0.117749568	-0.097186216	-0.145383809	-0.122095681	0.315703076	0.063152984	0.159699207	-0.012208159	0.031278115	0.118819171
PREX1	0.009127808	-0.01884756	0.114627293	-0.015564249	0.012097335	0.043733947	-0.051084675	-0.059524672	0.040186912	-0.022288757	-0.035580868	0.041275138	-0.089966084	-0.068673613	-0.045859476	-0.027386434	-0.045731122	0
PGR	0.10117093	-0.084150658	0.002324346	0.013547707	-0.013562979	-0.00058998	0.060226784	-0.020684243	0.001500992	0.06239262	0.002071215	0.005910129	0.085994004	-0.022676666	0.052062316	0.015481634	-0.047463678	-0.020913261
PTEN	0.045165675	-0.143195274	0.062800024	0.089868931	-0.010705357	-0.128675677	0.048438564	-0.108134779	0.055647435	0.126319251	-0.067996318	-0.017725768	0.001404885	-0.106076581	0.099092658	0.164211119	-0.019513268	-0.004613385
RAB11	-0.028183372	-0.097754228	-0.047966434	-0.04027252	0.009599519	0.065209841	-0.022752976	-0.08001675	-0.082826288	-0.0481699	0.013076409	0.089710177	-0.050491051	-0.042063128	-0.083724471	-0.031163168	0.003890114	0.045225678
RAB25	-0.204778041	0.040164837	-0.153557206	-0.147601285	0.026230462	0.053591644	-0.105564115	0.137375768	-0.123686515	-0.124910982	0.069043053	0.092913784	-0.133601722	0.140042987	-0.109571405	-0.120744519	0.155178628	0.127086921
RAD50	0.019476799	0.083052711	-0.120837932	-0.084894375	0.062960267	0.027574774	-0.024322962	0.072962091	-0.076323417	-0.054986259	0.099235026	-0.010251234	-0.015244	0.111937028	-0.152424725	-0.078069118	-0.050501673	-0.075560954
RAD51	0.088443878	0.105423328	-0.085548609	0.013617614	0.141394693	0.055763996	0.069277422	-0.024399513	-0.062970652	-0.052460167	0.014850521	-0.250037265	0.081951018	0.089913449	-0.175326614	0.02426245	-0.008789525	-0.009497569
RPTOR	0.045203917	-0.005906918	-0.038896712	-0.168486829	-0.2400603	-0.12438734	0.040790328	0.058742876	0.298887585	0.025030925	-0.111107438	0.007459325	-0.031545207	-0.09522904	0.22327129	0.08873338	-0.038050217	-0.00860751
RB1_phosphorylation_Ser807/Ser811	0.02819285	0.346406726	-0.348411636	0.002159427	-0.018460032	-0.210692806	0.225615983	0.412500755	-0.429887998	0.086696093	0.032673492	-0.828225814	0.142113255	0.345821339	-0.352148768	-0.017262437	-0.020860949	-0.164441186
RBM15	-0.028127244	-0.112140508	-0.124975663	-0.20288438	-0.104589384	0.038748785	-0.019451415	0.086048733	-0.03031673	-0.023421064	-0.015454093	-0.012036106	0.064657781	0.112176759	-0.143818922	0.035841175	0.153045679	0.083705769
RB1	0.100965822	0.03374256	-0.063185603	-0.061417489	-0.028027114	-0.103271009	0.143976131	0.14039545	-0.020218733	-0.092560358	-0.022113689	-0.12461355	0.170431795	0.257596483	0.052009644	-0.021077542	-0.060981537	-0.029545214
RICTOR_phosphorylation_Thr1135	-0.063869761	0.227233378	-0.060528566	0.033963915	-0.027330318	-0.088305132	-0.018010241	0.181835382	-0.106934912	-0.075726339	0.104191175	-0.135806583	0.065779461	0.142247944	-0.048850633	-0.101732177	0.199848056	-0.005092147
RICTOR	0.000669728	0.059627559	-0.117985749	-0.081982396	-0.064702855	-0.040865855	0.112936568	0.106065907	-0.087448675	0.106056076	0.050666509	0.027631228	0.121241177	0.117631665	-0.053685592	-0.009592223	0.071089802	0.046154974
RPS6KA1	-0.037536186	0.035866089	0.072263498	-0.027360288	-0.140808914	0.024837644	0.09998927	0.062961745	0.067529705	0.010675483	-0.090750649	0.010144044	0.148134051	-0.02529019	0.144325744	-0.029809102	0.001006863	0.020344116
RPS6_phosphorylation_Ser235/Ser236	0.234871353	-0.438971084	0.083773184	0.764881905	-0.176197554	-0.958310559	1.276700795	-0.253785819	0.151489578	0.586846102	-0.131135097	-1.255666373	1.146945022	-0.324592049	0.353251858	0.456711573	-0.166440484	-0.80948723
RPS6_phosphorylation_Ser240/Ser244	0.067542643	-0.7317386	0.155649156	0.472604915	-0.109502992	-0.679467589	0.957226033	-0.431721359	0.156807652	0.373255868	-0.167423256	-0.972481165	0.775491269	-0.381040944	0.297516168	0.411075793	-0.150872533	-0.608543869
SCD	0.033179736	-0.182067252	0.222301461	0.16850029	-0.070459014	-0.110998865	-0.000738573	-0.283134506	0.168074277	0.084470209	-0.081887688	-0.151002485	-0.013603934	-0.210524153	0.208485123	0.072435092	-0.21088178	-0.202033349
SETD2	0.052694742	0.028670384	0	-0.004956904	-0.050588642	0.022301011	0.041699464	0.023113573	-0.015632589	0.047897751	-0.01914929	0.069365816	0.041253513	0.020899925	0.018998277	0.007957278	-0.007884412	0.057843879
SRSF1	0.191771015	-0.021853835	0.04829415	-0.001914412	0.082182206	-0.009589725	0.128111791	0.012034873	-0.063902838	0.025490688	0.041077	-0.027248454	0.071685493	0.012726906	-0.061621825	-0.013560138	-0.142552239	-0.155532099
SHC1_phosphorylation_Tyr317	0.067616701	0.036316314	0.019500874	-0.10602854	0.000470018	0.011023935	0.009132485	0.044869539	-0.053130793	-0.127779001	-0.126763035	0.047338513	0.06507451	0.059620921	-0.082426529	-0.039425093	-0.053927034	-0.04795514
DIABLO	-0.006413847	0.113853559	-0.041183131	0	-0.074743522	0.043440876	-0.082325944	0.041386667	-0.039101932	-0.10470541	-0.017717401	0.061508334	-0.095872786	-0.005207523	0.018399114	-0.113674424	0.101088799	0.232951101
SMAD1	0.017549731	-0.09400478	-0.09524304	-0.069783617	0.112087601	0.044197474	0.062299121	0	-0.051414838	0.036277132	0.157846893	-0.086403142	0.180999576	-0.010132817	-0.029364478	0.039124277	0.206006053	-0.196922736
SMAD3	0.144278689	0.040748552	-0.079989903	-0.1149044	-0.156057226	0.006949477	0.270889686	0.135469191	0.009323317	-0.016848057	-0.076480562	-0.004991467	0.284773919	0.13966036	0.036950093	-0.098357508	-0.051734057	-0.007287031
SMAD4	0.020208528	-0.039611204	0.097045205	-0.03904192	0.091457656	0.034756633	-0.052091202	-0.024002854	0.01214285	0.010888954	0.025122062	-0.018102272	-0.053118288	-0.026223114	-0.074706224	-0.031074573	-0.011330007	-0.02905714
SNAI1	0.210496123	0.109589857	0.182500614	0.091678009	-0.021296785	-0.135026327	0.05686844	0.046377682	0.095725095	0.014707207	-0.033926989	-0.197364346	0	0.063015182	0.012099931	0.108366856	-0.165544741	-0.150878943
SRC_phosphorylation_Tyr416	-0.593330063	0.08163113	-0.364689122	0.195462815	-0.000644816	-0.163482682	0.192834271	0.185540875	-0.082609647	0.064161028	0.156698449	-0.110414837	0.405949233	0.012523484	-0.04290214	0.289068173	0.133747081	0.022420951
SRC_phosphorylation_Tyr527	-0.354846607	-0.127462507	-0.190302128	0.008187996	-0.072918113	-0.036729058	-0.09957252	-0.085057807	0.123500012	0.039411591	0.102830536	0.142820704	0.037726227	-0.172122858	0.197245902	0.011745085	0.164686061	0.076508248
SRC	-0.213955836	0.026932815	-0.078752613	0.025953378	0.014833728	0.084218301	-0.283286435	-0.052114725	-0.040576274	0.056453649	0.117809498	0.169743812	-0.297096354	-0.037195632	0.127266108	0.083829263	0.094489797	0.158344501
STAT3_phosphorylation_Tyr705	-0.0765383	0.032514234	0.022242493	-0.113343297	0.08040576	0.349081791	-0.188278432	-0.018250947	-0.015574995	-0.173778861	0.067432515	0.393682806	-0.176123281	-0.041632739	0.010841293	-0.19474515	0.035635438	0.301883131
STAT5A	0.214631618	-0.151683813	0.143177878	0.029662777	0.048344427	-0.243233559	0.026397518	-0.09781523	0.037997045	0.048558523	-0.181974888	-0.230144016	0.059683618	-0.141640803	0.104165631	0.053434005	-0.223511675	-0.193927575
STMN1	0.01412008	0.047339032	-0.036100056	-0.067866196	0.005560251	-0.06765785	0.036165988	0.11825484	-0.069958718	0.000621944	0.009035013	-0.048263045	-0.000979674	0.093179238	-0.00167276	-0.005600446	-0.044855015	0.015339107
SYK	-0.097016804	0.008221658	-0.035163614	-0.073475177	-0.041037858	0.000999826	-0.154174431	0.107153502	-0.030505262	0.04949055	0.004908937	0.035527301	-0.14014882	0.07282157	0.037809636	0.008103832	0.031002201	0.067397106
WWTR1	0.031755098	0.00983799	-0.004520647	-0.018237347	-0.02302639	-0.022130493	-0.011128269	0.077482026	-0.021941148	-0.028874233	-0.018728542	-0.051944337	-0.017373705	0.060603073	0.019872719	-0.049521122	-0.014609939	-0.048711197
TFRC	0.758982117	-0.194222	0.445345795	-0.091065599	0.37761542	-0.189095948	0.5736956	-0.059823882	0.046131407	0.185410717	0.000811442	-0.193812547	0.617104586	-0.074279315	0.04187029	0.124314885	0.009835942	-0.042720098
TIGAR	-0.054869219	-0.189375388	-0.022323418	0.083109825	-0.029014821	0.035267041	-0.158847446	-0.055545659	-0.000452677	0.04688556	-0.022485167	0.063664341	-0.099353853	-0.110410598	0.067108663	0.000839478	0.101714656	0.034458269
TGM2	-0.047404696	-0.059403838	-0.035631376	-0.037437243	0.143611463	0.340407075	-0.199636172	-0.140863508	-0.099860941	-0.116656281	0.074567358	0.360554205	-0.211915172	-0.129028441	-0.108321391	-0.076723757	0.075630789	0.335748616
TSC1	-0.377709255	-0.029407445	-0.021108996	-0.133756591	0.075230519	-0.09647307	-0.227505016	0.04602684	0.182955868	0.053998546	0.045738147	0.052475727	-0.36993403	-0.299853196	0.324039278	-0.087313786	0.097248444	0.082188212
NKX2-1	0.159901453	0.139653949	-0.044900553	-0.048462069	-0.106905764	-0.076224958	0.181743261	0.197861699	-0.016598854	-0.039746985	-0.126844575	-0.15340093	0.238283587	0.206114878	-0.000243541	-0.059599339	-0.11193705	-0.090699403
TSC2_phosphorylation_Thr1462	-0.053588026	0.47519594	-0.022107619	0.300682454	0.02318371	0.056337189	-0.185636053	-0.009927528	-0.09969256	-0.133855688	-0.01856915	-0.002569924	-0.18139431	-0.085536588	-0.147030776	-0.116611783	0.159388763	0.073368432
TSC1	-0.247302995	-0.084604202	-0.123698679	0.01686104	-0.120911782	-0.008598951	-0.023310615	-0.050257764	0.112974901	0.204087098	0.064476734	0.120272502	0.067388134	-0.131344435	0.19893104	0.10006326	0.173016735	0.045531734
TWIST2	0.028374116	0.034386145	0.016700652	-0.02846052	0.04058709	0.056758685	-0.093086352	-0.038527061	-0.008436646	-0.087771189	0.003267536	0.045808331	-0.114253486	-0.017116435	-0.005688201	-0.039164433	0.03031091	0.032746754
TYRO3	0.051461096	0.237959635	-0.278429328	-0.033805972	-0.011965128	-0.014785671	0.117099422	0.30488146	-0.251781323	-0.049117341	0.052354977	-0.328263098	0.222302547	0.25230547	-0.177415106	-0.100840454	0.070590425	-0.093039966
UBAC1	0.023966289	-0.043000894	-0.013218809	0.075057036	0.145901411	-0.07159605	-0.000215786	-0.066359305	-0.058773446	0.179981361	0.028913046	-0.104509433	-0.051284357	-0.075960983	0	0.054931744	0.060041934	-0.063943503
UGT1A1	-0.061279529	-0.10895983	-0.014769398	0.015204698	-0.005692628	0.008758208	0.045211077	-0.100712651	0.0335257	0.160157891	0.020206298	0.118236744	-0.07678048	-0.143703902	0.077882406	0.111674373	-0.018482883	0.058669349
UQCRC2	0.117987198	-0.028999842	0.041732763	0.019326029	0.040690532	-0.104840736	0.053928556	-0.022548412	-0.049389441	0.040867151	0.019133908	-0.073183736	0.01398332	-0.001811093	-0.016118147	-0.002160668	-0.012282606	-0.05838986
KDR	-0.311840388	0.167760124	-0.277076559	-0.059878485	-0.214633989	0.02322795	0.031629783	0.063790461	-0.080332952	-0.030421889	-0.016620087	0.079397718	0.088439965	-0.082199073	0.060445018	-0.050671881	0.148466832	0.140006448
XRCC1	-0.116626386	0.106668245	-0.094942445	-0.015512248	-0.032017233	0.061767586	-0.102573879	0.112111097	-0.061521649	0.033932921	0.013054758	0.006693149	-0.089993586	0.088114274	-0.040849771	-0.015878265	0.032234383	0.075686851
YAP1_phosphorylation_Ser127	0.074817007	0.367843134	-0.209095901	-0.379628431	0.182726903	-0.11300634	-0.176666738	0.553846419	-0.361751418	-0.124895589	0.178204239	-0.476866167	-0.081737066	0.437454728	-0.535757737	-0.26055927	0.083818592	-0.225818823
YAP1	-0.063159858	-0.019602391	-0.066052267	-0.14711649	0.127410153	0.048248459	0.047954189	0.255659473	-0.015870626	0.138556422	0.141919498	-0.025100925	0.045346712	0.111093717	-0.114786618	-0.115399392	0.026526448	0.056016438
YBX1_phosphorylation_Ser102	0.240508919	0.27274484	-0.319616757	0.036356773	-0.002971379	-0.346853176	0.282046328	0.216928819	-0.302461997	0.004607228	0.017520666	-0.403246038	0.2235402	0.022757425	-0.201991578	0.004464146	-0.006669085	-0.261697751
YBX1	0.034709466	-0.217007811	0.067281924	-0.167724135	0	-0.159096464	-0.040572756	-0.108819125	0.137437644	0.131627434	0.014576649	-0.082548995	-0.008316074	-0.128424031	0.077146383	0.011106656	-0.120755924	-0.120520294
